-1.144614 1.112738
-1.054627 0.835387
-1.045478 0.939449
-0.860302 1.016678
-0.860635 1.212376
-0.815125 0.758021
-0.915039 0.883673
-0.847705 1.235099
-1.054907 0.839682
-1.015038 1.118491
-1.082762 1.067178
-1.001202 1.038214
-1.067253 1.169776
-0.875958 0.934631
-0.840799 1.188229
-1.063118 0.764586
-0.949033 1.132255
-1.150027 0.755489
-1.178296 1.239671
-0.977833 1.211070
-0.797954 0.957042
-0.780909 1.037007
-0.909285 1.121385
-0.977893 0.785808
-0.788933 0.757068
-0.845701 0.878305
-0.925754 0.903098
-0.833480 0.756993
-1.177126 1.040562
-1.058375 1.232074
-1.021209 1.128507
-0.753339 0.779758
-0.989239 0.846634
-1.214753 1.082466
-1.163696 1.057414
-0.956465 0.788351
-1.235544 1.012626
-0.924642 1.105170
-1.115988 0.847465
-0.859022 0.845079
-1.145467 1.045278
-1.026616 1.178780
-0.801625 0.889904
-0.814227 0.771249
-0.819535 0.877398
-1.246677 0.909256
-1.244096 1.249984
-1.060985 1.016665
-1.153383 0.974262
-1.150869 0.932922
-1.218325 1.142666
-1.028728 0.796131
-1.094707 0.796631
-0.848699 1.039304
-1.105905 1.042280
-0.865617 0.998629
-1.162443 0.857767
-1.072592 0.785933
-1.002329 0.863181
-1.192819 0.928137
-1.009421 0.810504
-0.912607 0.996483
-1.189512 0.776408
-1.236851 0.907106
-0.999331 0.862280
-0.909972 1.032345
-1.245054 0.811300
-0.921525 0.910239
-1.142069 0.979777
-0.800457 1.002026
-1.227944 1.083926
-1.249345 0.859614
-0.808307 0.928063
-1.104454 0.939364
-0.958756 0.952728
-0.882499 0.781823
-0.986768 0.954894
-0.971694 1.073720
-1.018698 1.041455
-0.769174 1.231971
-0.846265 1.070854
-0.985684 1.158681
-0.867846 0.842791
-1.181081 1.240084
-0.927432 0.768462
-1.007890 1.094624
-0.897612 0.992765
-0.795762 1.044081
-0.829172 0.849784
-0.766554 0.962072
-0.947488 1.100947
-1.006105 0.815744
-1.194159 0.772201
-0.860536 1.037143
-0.936344 1.120291
-0.980886 0.967390
-1.058856 0.783429
-1.123929 0.823298
-1.123780 0.944990
-1.186618 1.198789
