-0.893956 -0.965125
-0.938967 -0.996613
-1.124105 -0.914013
-1.194686 -0.756913
-1.033299 -0.755863
-0.925367 -0.995074
-0.847698 -1.082491
-1.014648 -0.874313
-0.824473 -0.879455
-0.859284 -1.041508
-0.778938 -1.048250
-0.788122 -1.153044
-0.919646 -0.914038
-0.891379 -0.881421
-0.773365 -0.942090
-1.066403 -0.794819
-0.926107 -1.140876
-0.924275 -1.035391
-0.932384 -0.953213
-0.833641 -0.970506
-0.856256 -0.795905
-0.953314 -0.766212
-1.106022 -0.803895
-0.842534 -1.089382
-0.905473 -0.832668
-1.031632 -0.761168
-0.981818 -0.848035
-0.805987 -1.157925
-0.943316 -0.921296
-1.072862 -0.845115
-0.805943 -0.864329
-0.825443 -0.893122
-0.772355 -0.917977
-1.096750 -0.799002
-0.952486 -0.929809
-1.057244 -0.885960
-0.925690 -1.029628
-0.974382 -0.972448
-0.887377 -0.956886
-0.859831 -0.917646
-0.966648 -0.959329
-0.785148 -1.113685
-0.931553 -0.771641
-0.951450 -1.056878
-0.769999 -0.908216
-0.755923 -0.945689
-1.051203 -0.855726
