0.963453 -0.944507
1.043413 -1.184159
0.798258 -1.002349
1.109922 -0.780915
1.097435 -0.906632
0.931157 -1.100052
0.944314 -0.824948
0.965692 -0.999845
1.197253 -1.144844
0.787298 -0.989091
1.225447 -0.943589
1.228299 -1.083409
1.089841 -1.145630
0.989889 -0.783939
1.049361 -0.946729
1.164850 -1.237186
0.858763 -1.041738
0.828655 -1.092979
1.205914 -0.811423
0.876106 -0.946651
1.031944 -0.942736
1.203296 -0.773741
0.982316 -1.081012
0.976414 -1.070431
1.024144 -0.986289
1.190478 -1.000409
0.820123 -0.831222
1.166182 -0.840037
0.773148 -1.093930
1.126024 -0.927491
1.209341 -0.959126
1.085323 -1.181895
1.249136 -0.836022
0.975126 -0.794950
1.102554 -0.898768
1.008399 -1.115501
0.908496 -1.038305
0.860757 -0.859188
1.130683 -0.912829
0.820381 -1.095173
0.850882 -1.239140
1.154418 -1.078995
1.179638 -0.929400
0.830968 -0.797214
1.226671 -0.793008
1.025296 -0.813988
0.997866 -1.139381
0.754117 -1.002998
0.774597 -1.020757
0.952052 -0.872849
0.830475 -0.789550
0.761649 -1.011029
0.922145 -1.127593
0.879783 -1.197171
1.209578 -1.049836
0.957656 -1.189540
0.961024 -1.137926
0.981466 -1.109338
1.182674 -0.937566
0.843448 -0.840655
1.019426 -0.881256
1.095357 -1.232708
1.229363 -0.900527
1.014294 -1.246041
0.828716 -0.783654
1.131110 -1.090809
1.176796 -0.857241
1.148161 -1.151059
0.765166 -1.222056
0.901770 -0.775256
0.978109 -0.890574
0.785205 -0.810867
1.221500 -0.983330
0.829795 -0.845825
0.829104 -1.076757
1.063519 -0.901470
0.791987 -1.091124
1.115821 -1.228651
0.758349 -1.119885
0.775308 -1.162935
0.846461 -0.843582
0.996255 -1.226743
1.049178 -1.105583
0.872198 -0.935656
0.922361 -0.976032
1.039088 -0.849530
0.883395 -0.925707
1.089603 -1.145105
0.840963 -0.830602
0.759070 -1.079933
0.842640 -0.927411
0.768596 -1.115373
1.231465 -0.865582
0.905976 -0.760186
0.764533 -1.068715
0.826879 -1.139006
0.837703 -0.926866
0.884251 -0.863119
1.217551 -0.993550
0.951225 -1.110088
