0.780418 1.240313
0.790382 0.913813
1.064605 1.129985
1.018708 1.155568
1.049382 1.027777
0.825635 1.142023
0.850366 0.844231
0.776650 0.831830
1.228649 0.932626
0.821644 1.243182
1.113911 0.898523
0.854177 1.201614
1.221657 0.988428
1.088495 1.189208
1.244877 0.789720
0.829120 0.775295
0.780033 0.869502
0.939108 1.094638
1.249487 1.207815
1.000206 1.048870
0.985592 1.075841
0.940893 1.085958
1.170073 0.967543
1.167789 1.148722
1.150169 1.239433
1.141904 1.014080
0.887955 1.246081
0.965695 0.859612
0.984509 0.804190
0.798820 0.979386
0.843910 0.877940
1.004681 0.873942
0.997443 1.193789
1.218580 0.996930
1.151605 0.968786
0.795799 0.887197
0.794628 0.986692
1.223155 1.214701
1.204235 1.140944
1.113423 1.104404
1.130376 1.005327
0.868484 0.768332
1.001408 1.084179
0.877944 1.235917
1.138369 0.926764
0.965303 1.232279
1.054704 1.219984
0.856221 0.802147
1.163774 0.824801
1.049077 1.065378
1.043587 1.094876
1.202575 1.088215
0.831568 1.175731
1.052916 0.785803
1.066674 0.916338
1.140207 0.947051
1.171665 0.758691
0.965383 0.923073
1.092870 1.093327
0.908990 0.981239
0.770091 1.124292
0.963518 1.074795
1.094277 1.069739
1.126942 1.008050
1.144540 0.926019
0.823428 0.938127
0.770895 0.776004
0.776342 0.852464
1.201734 1.079258
0.888267 1.018409
1.245597 0.778474
1.215460 1.167262
0.787165 0.930843
0.840335 1.130035
0.774170 0.999325
0.861275 0.794261
0.873618 1.074793
1.119056 1.217894
0.894531 0.995999
0.975944 0.789071
1.172018 1.049373
0.977198 1.192913
1.075376 1.003541
0.795377 1.027111
0.832799 0.933644
0.795520 0.828396
0.962118 0.760980
1.245658 0.999283
0.941823 0.835993
0.879318 0.965993
1.085318 0.990593
1.010254 1.208935
0.815386 0.879310
1.176829 0.959917
1.125309 0.902774
0.998988 1.047327
1.202146 1.226187
0.990241 1.027523
0.979727 1.035618
0.804634 1.062526
