-1.146938 -1.028375
-1.122292 -0.972910
-1.094610 -1.175531
-0.953363 -1.072340
-1.116292 -1.153090
-0.873446 -1.200160
-1.191379 -0.971189
-0.967035 -1.149483
-1.236349 -1.174084
-1.211775 -1.069322
-1.210199 -1.108713
-0.831623 -1.192307
-1.008022 -1.034986
-0.938076 -1.138094
-1.212264 -1.232808
-1.159956 -0.995562
-1.238671 -1.146305
-1.233360 -0.851578
-1.240134 -0.831058
-1.184068 -0.821757
-1.106743 -1.038013
-1.041467 -0.941985
-1.162517 -1.211113
-1.170440 -0.839542
-0.904425 -1.193805
-1.238911 -0.980261
-1.183474 -1.026957
-1.141801 -0.789730
-1.037100 -1.218460
-1.232504 -0.927828
-1.000645 -1.152944
-1.017370 -1.155070
-1.166237 -0.828568
-0.897037 -1.222224
-1.236493 -0.885949
-1.206766 -0.949046
-1.044161 -0.981633
-1.143958 -0.831260
-0.950092 -1.219401
-1.150276 -1.138022
-1.043092 -1.206580
-1.249633 -1.134039
-1.187844 -1.050084
-1.177322 -1.081802
-1.131344 -0.877414
-1.099862 -1.188580
-1.062613 -1.000138
-1.076602 -1.172444
-1.167783 -0.869693
-1.129024 -0.884431
-1.079022 -1.164172
-1.248116 -0.760575
-1.185813 -1.247749
