-0.893956 -0.965125 1
-1.146938 -1.028375 1
-1.122292 -0.972910 1
-1.094610 -1.175531 1
-0.953363 -1.072340 1
-1.116292 -1.153090 1
-0.873446 -1.200160 1
-1.191379 -0.971189 1
-0.967035 -1.149483 1
-0.938967 -0.996613 1
-1.124105 -0.914013 1
-1.194686 -0.756913 1
-1.033299 -0.755863 1
-1.236349 -1.174084 1
-0.925367 -0.995074 1
-1.211775 -1.069322 1
-1.210199 -1.108713 1
-0.847698 -1.082491 1
-0.831623 -1.192307 1
-1.008022 -1.034986 1
-1.014648 -0.874313 1
-0.938076 -1.138094 1
-0.824473 -0.879455 1
-0.859284 -1.041508 1
-0.778938 -1.048250 1
-0.788122 -1.153044 1
-1.212264 -1.232808 1
-1.159956 -0.995562 1
-1.238671 -1.146305 1
-0.919646 -0.914038 1
-0.891379 -0.881421 1
-1.233360 -0.851578 1
-1.240134 -0.831058 1
-1.184068 -0.821757 1
-0.773365 -0.942090 1
-1.106743 -1.038013 1
-1.066403 -0.794819 1
-0.926107 -1.140876 1
-0.924275 -1.035391 1
-0.932384 -0.953213 1
-0.833641 -0.970506 1
-0.856256 -0.795905 1
-0.953314 -0.766212 1
-1.041467 -0.941985 1
-1.162517 -1.211113 1
-1.106022 -0.803895 1
-0.842534 -1.089382 1
-0.905473 -0.832668 1
-1.170440 -0.839542 1
-0.904425 -1.193805 1
-1.031632 -0.761168 1
-0.981818 -0.848035 1
-0.805987 -1.157925 1
-1.238911 -0.980261 1
-0.943316 -0.921296 1
-1.183474 -1.026957 1
-1.141801 -0.789730 1
-1.072862 -0.845115 1
-0.805943 -0.864329 1
-1.037100 -1.218460 1
-0.825443 -0.893122 1
-0.772355 -0.917977 1
-1.232504 -0.927828 1
-1.000645 -1.152944 1
-1.017370 -1.155070 1
-1.096750 -0.799002 1
-1.166237 -0.828568 1
-0.897037 -1.222224 1
-1.236493 -0.885949 1
-0.952486 -0.929809 1
-1.057244 -0.885960 1
-1.206766 -0.949046 1
-0.925690 -1.029628 1
-1.044161 -0.981633 1
-1.143958 -0.831260 1
-0.950092 -1.219401 1
-0.974382 -0.972448 1
-0.887377 -0.956886 1
-1.150276 -1.138022 1
-0.859831 -0.917646 1
-1.043092 -1.206580 1
-0.966648 -0.959329 1
-0.785148 -1.113685 1
-0.931553 -0.771641 1
-1.249633 -1.134039 1
-0.951450 -1.056878 1
-0.769999 -0.908216 1
-0.755923 -0.945689 1
-1.187844 -1.050084 1
-1.177322 -1.081802 1
-1.131344 -0.877414 1
-1.051203 -0.855726 1
-1.099862 -1.188580 1
-1.062613 -1.000138 1
-1.076602 -1.172444 1
-1.167783 -0.869693 1
-1.129024 -0.884431 1
-1.079022 -1.164172 1
-1.248116 -0.760575 1
-1.185813 -1.247749 1
-1.144614 1.112738 2
-1.054627 0.835387 2
-1.045478 0.939449 2
-0.860302 1.016678 2
-0.860635 1.212376 2
-0.815125 0.758021 2
-0.915039 0.883673 2
-0.847705 1.235099 2
-1.054907 0.839682 2
-1.015038 1.118491 2
-1.082762 1.067178 2
-1.001202 1.038214 2
-1.067253 1.169776 2
-0.875958 0.934631 2
-0.840799 1.188229 2
-1.063118 0.764586 2
-0.949033 1.132255 2
-1.150027 0.755489 2
-1.178296 1.239671 2
-0.977833 1.211070 2
-0.797954 0.957042 2
-0.780909 1.037007 2
-0.909285 1.121385 2
-0.977893 0.785808 2
-0.788933 0.757068 2
-0.845701 0.878305 2
-0.925754 0.903098 2
-0.833480 0.756993 2
-1.177126 1.040562 2
-1.058375 1.232074 2
-1.021209 1.128507 2
-0.753339 0.779758 2
-0.989239 0.846634 2
-1.214753 1.082466 2
-1.163696 1.057414 2
-0.956465 0.788351 2
-1.235544 1.012626 2
-0.924642 1.105170 2
-1.115988 0.847465 2
-0.859022 0.845079 2
-1.145467 1.045278 2
-1.026616 1.178780 2
-0.801625 0.889904 2
-0.814227 0.771249 2
-0.819535 0.877398 2
-1.246677 0.909256 2
-1.244096 1.249984 2
-1.060985 1.016665 2
-1.153383 0.974262 2
-1.150869 0.932922 2
-1.218325 1.142666 2
-1.028728 0.796131 2
-1.094707 0.796631 2
-0.848699 1.039304 2
-1.105905 1.042280 2
-0.865617 0.998629 2
-1.162443 0.857767 2
-1.072592 0.785933 2
-1.002329 0.863181 2
-1.192819 0.928137 2
-1.009421 0.810504 2
-0.912607 0.996483 2
-1.189512 0.776408 2
-1.236851 0.907106 2
-0.999331 0.862280 2
-0.909972 1.032345 2
-1.245054 0.811300 2
-0.921525 0.910239 2
-1.142069 0.979777 2
-0.800457 1.002026 2
-1.227944 1.083926 2
-1.249345 0.859614 2
-0.808307 0.928063 2
-1.104454 0.939364 2
-0.958756 0.952728 2
-0.882499 0.781823 2
-0.986768 0.954894 2
-0.971694 1.073720 2
-1.018698 1.041455 2
-0.769174 1.231971 2
-0.846265 1.070854 2
-0.985684 1.158681 2
-0.867846 0.842791 2
-1.181081 1.240084 2
-0.927432 0.768462 2
-1.007890 1.094624 2
-0.897612 0.992765 2
-0.795762 1.044081 2
-0.829172 0.849784 2
-0.766554 0.962072 2
-0.947488 1.100947 2
-1.006105 0.815744 2
-1.194159 0.772201 2
-0.860536 1.037143 2
-0.936344 1.120291 2
-0.980886 0.967390 2
-1.058856 0.783429 2
-1.123929 0.823298 2
-1.123780 0.944990 2
-1.186618 1.198789 2
0.963453 -0.944507 3
1.043413 -1.184159 3
0.798258 -1.002349 3
1.109922 -0.780915 3
1.097435 -0.906632 3
0.931157 -1.100052 3
0.944314 -0.824948 3
0.965692 -0.999845 3
1.197253 -1.144844 3
0.787298 -0.989091 3
1.225447 -0.943589 3
1.228299 -1.083409 3
1.089841 -1.145630 3
0.989889 -0.783939 3
1.049361 -0.946729 3
1.164850 -1.237186 3
0.858763 -1.041738 3
0.828655 -1.092979 3
1.205914 -0.811423 3
0.876106 -0.946651 3
1.031944 -0.942736 3
1.203296 -0.773741 3
0.982316 -1.081012 3
0.976414 -1.070431 3
1.024144 -0.986289 3
1.190478 -1.000409 3
0.820123 -0.831222 3
1.166182 -0.840037 3
0.773148 -1.093930 3
1.126024 -0.927491 3
1.209341 -0.959126 3
1.085323 -1.181895 3
1.249136 -0.836022 3
0.975126 -0.794950 3
1.102554 -0.898768 3
1.008399 -1.115501 3
0.908496 -1.038305 3
0.860757 -0.859188 3
1.130683 -0.912829 3
0.820381 -1.095173 3
0.850882 -1.239140 3
1.154418 -1.078995 3
1.179638 -0.929400 3
0.830968 -0.797214 3
1.226671 -0.793008 3
1.025296 -0.813988 3
0.997866 -1.139381 3
0.754117 -1.002998 3
0.774597 -1.020757 3
0.952052 -0.872849 3
0.830475 -0.789550 3
0.761649 -1.011029 3
0.922145 -1.127593 3
0.879783 -1.197171 3
1.209578 -1.049836 3
0.957656 -1.189540 3
0.961024 -1.137926 3
0.981466 -1.109338 3
1.182674 -0.937566 3
0.843448 -0.840655 3
1.019426 -0.881256 3
1.095357 -1.232708 3
1.229363 -0.900527 3
1.014294 -1.246041 3
0.828716 -0.783654 3
1.131110 -1.090809 3
1.176796 -0.857241 3
1.148161 -1.151059 3
0.765166 -1.222056 3
0.901770 -0.775256 3
0.978109 -0.890574 3
0.785205 -0.810867 3
1.221500 -0.983330 3
0.829795 -0.845825 3
0.829104 -1.076757 3
1.063519 -0.901470 3
0.791987 -1.091124 3
1.115821 -1.228651 3
0.758349 -1.119885 3
0.775308 -1.162935 3
0.846461 -0.843582 3
0.996255 -1.226743 3
1.049178 -1.105583 3
0.872198 -0.935656 3
0.922361 -0.976032 3
1.039088 -0.849530 3
0.883395 -0.925707 3
1.089603 -1.145105 3
0.840963 -0.830602 3
0.759070 -1.079933 3
0.842640 -0.927411 3
0.768596 -1.115373 3
1.231465 -0.865582 3
0.905976 -0.760186 3
0.764533 -1.068715 3
0.826879 -1.139006 3
0.837703 -0.926866 3
0.884251 -0.863119 3
1.217551 -0.993550 3
0.951225 -1.110088 3
0.780418 1.240313 4
0.790382 0.913813 4
1.064605 1.129985 4
1.018708 1.155568 4
1.049382 1.027777 4
0.825635 1.142023 4
0.850366 0.844231 4
0.776650 0.831830 4
1.228649 0.932626 4
0.821644 1.243182 4
1.113911 0.898523 4
0.854177 1.201614 4
1.221657 0.988428 4
1.088495 1.189208 4
1.244877 0.789720 4
0.829120 0.775295 4
0.780033 0.869502 4
0.939108 1.094638 4
1.249487 1.207815 4
1.000206 1.048870 4
0.985592 1.075841 4
0.940893 1.085958 4
1.170073 0.967543 4
1.167789 1.148722 4
1.150169 1.239433 4
1.141904 1.014080 4
0.887955 1.246081 4
0.965695 0.859612 4
0.984509 0.804190 4
0.798820 0.979386 4
0.843910 0.877940 4
1.004681 0.873942 4
0.997443 1.193789 4
1.218580 0.996930 4
1.151605 0.968786 4
0.795799 0.887197 4
0.794628 0.986692 4
1.223155 1.214701 4
1.204235 1.140944 4
1.113423 1.104404 4
1.130376 1.005327 4
0.868484 0.768332 4
1.001408 1.084179 4
0.877944 1.235917 4
1.138369 0.926764 4
0.965303 1.232279 4
1.054704 1.219984 4
0.856221 0.802147 4
1.163774 0.824801 4
1.049077 1.065378 4
1.043587 1.094876 4
1.202575 1.088215 4
0.831568 1.175731 4
1.052916 0.785803 4
1.066674 0.916338 4
1.140207 0.947051 4
1.171665 0.758691 4
0.965383 0.923073 4
1.092870 1.093327 4
0.908990 0.981239 4
0.770091 1.124292 4
0.963518 1.074795 4
1.094277 1.069739 4
1.126942 1.008050 4
1.144540 0.926019 4
0.823428 0.938127 4
0.770895 0.776004 4
0.776342 0.852464 4
1.201734 1.079258 4
0.888267 1.018409 4
1.245597 0.778474 4
1.215460 1.167262 4
0.787165 0.930843 4
0.840335 1.130035 4
0.774170 0.999325 4
0.861275 0.794261 4
0.873618 1.074793 4
1.119056 1.217894 4
0.894531 0.995999 4
0.975944 0.789071 4
1.172018 1.049373 4
0.977198 1.192913 4
1.075376 1.003541 4
0.795377 1.027111 4
0.832799 0.933644 4
0.795520 0.828396 4
0.962118 0.760980 4
1.245658 0.999283 4
0.941823 0.835993 4
0.879318 0.965993 4
1.085318 0.990593 4
1.010254 1.208935 4
0.815386 0.879310 4
1.176829 0.959917 4
1.125309 0.902774 4
0.998988 1.047327 4
1.202146 1.226187 4
0.990241 1.027523 4
0.979727 1.035618 4
0.804634 1.062526 4
